version https://git-lfs.github.com/spec/v1
oid sha256:91c31f828b0454643b31906ff49501bf6a6bc55b3df77d2e7b1caa482bd87ef3
size 56012
