version https://git-lfs.github.com/spec/v1
oid sha256:b53931af3c4bfcc3f07a0c1cb36acecc50a4af25b9704d96b8d67171895f4c0a
size 55541
