version https://git-lfs.github.com/spec/v1
oid sha256:4d766a3dce1dc16640e284b4c42b8d47b24c4260c399eedbc1e2f28488ab3e2b
size 1680661
